   cara-vo_avfrag      cara-vo-throu         cara-vi-avfrag            cara-vi-thro       aarf-vi-frag     aarf-vi-th                      
20      2300                 23.6                 2300                        23.6             2300             23.6
40      2300                  23                  2300                        23.6             2300             23.6
60      2300                  16                  2300                        15               2300             20
80      2300                  13                  2300                        11.6             2300             15.5
100     2300                  11.2                2300                        9.60             2300             13
120     1200                  7.9                 2300                        5.70             2300             7.30
140     1163                  5.9                 2300                        5.62             2300             6.90
160     893                   3.91                1346                        3.64             1164             4.96
180     348                   1.13                609                        1.29              577              1.47
200     328                   1.12                576                        1.46              576              1.47
220     327                   1.09                576                        1.20              572              1.39
240     297                   .78                 466                        .81               445              .81
260     220                   .57                 364                        .65               334              .71
280     220                  .51                  330                        .55               334              .71
300      0                     0                    0


   aarf-vo-frag           aarf-vo-th             ideal-vo-frag       idea-vo-th        ideal-vi-frag   ideal-vi-th 
20     2300                    23.6                     2300                23.6              2300           23.6
40     2300                    23.6                     2300                23.6              2300           23.6
60     2300                    23.6                     2300                23.6              2300           20.01
80     2300                    17                       2300                16.5              2300           15.30
100    2300                    14                       1148                6.04              2300           7.35
120    1149                    7.46                     1149                8.99              2300           9.141
140    1153                    6.70                     1168                8.61              2300           8.71
160    812                     4.34                     766                 4.76              1149           4.82
180    332                     1.28                     765                 4.48              1199           4.36
200    328                     1.29                     328                 1.30              574            1.49
220    327                     1.25                     328                 1.27              578            1.42
240    258                     .81                      209                 0.65              328            0.73
260    213                     .63                      209                 0.65              328            0.73
280    213                     .59                      209                 0.65              328            0.71
300     0                        0                       0                    0                0               0
