20      2300      2300      2300                              
40      2300      2300      2300                      
60      2300      2300      2300                       
80      2300      2300      2300                            
100     2300      2300      1148                         
120     1200      1149      1149                            
140     1163      1153      1168                                                
160     893       812       766                                                    
180     348       332       765                                                    
200     328       238       328                                               
220     327       237       328                                                   
240     297       258       209                                                 
260     220       213       209                                                
280     220       213       209                             
300     0         0          0                  
